{
 "cells": [
  {
   "cell_type": "code",
   "execution_count": 1,
   "id": "equivalent-aquatic",
   "metadata": {},
   "outputs": [],
   "source": [
    "import numpy as np\n",
    "import pandas as pd\n",
    "import matplotlib.pyplot as plt\n",
    "import seaborn as sns\n",
    "import plotly.express as px\n",
    "from sklearn.preprocessing import MinMaxScaler, Normalizer\n",
    "from sklearn.decomposition import PCA"
   ]
  },
  {
   "cell_type": "code",
   "execution_count": 2,
   "id": "secure-portuguese",
   "metadata": {},
   "outputs": [],
   "source": [
    "sns.set(style=\"darkgrid\", font=\"Arial\", font_scale=1.5)"
   ]
  },
  {
   "cell_type": "code",
   "execution_count": 56,
   "id": "incident-minority",
   "metadata": {},
   "outputs": [
    {
     "data": {
      "text/html": [
       "<div>\n",
       "<style scoped>\n",
       "    .dataframe tbody tr th:only-of-type {\n",
       "        vertical-align: middle;\n",
       "    }\n",
       "\n",
       "    .dataframe tbody tr th {\n",
       "        vertical-align: top;\n",
       "    }\n",
       "\n",
       "    .dataframe thead th {\n",
       "        text-align: right;\n",
       "    }\n",
       "</style>\n",
       "<table border=\"1\" class=\"dataframe\">\n",
       "  <thead>\n",
       "    <tr style=\"text-align: right;\">\n",
       "      <th></th>\n",
       "      <th>NBH_ID</th>\n",
       "      <th>NBH_NAME</th>\n",
       "      <th>total crime</th>\n",
       "      <th>violent crime</th>\n",
       "      <th>property crime</th>\n",
       "      <th>Median income</th>\n",
       "      <th>Median home value</th>\n",
       "      <th>Population with BS or More</th>\n",
       "      <th>White alone</th>\n",
       "      <th>Black or African American alone</th>\n",
       "      <th>...</th>\n",
       "      <th>Number of Households</th>\n",
       "      <th>Walk Score</th>\n",
       "      <th>Transit Score</th>\n",
       "      <th>Bike Score</th>\n",
       "      <th>Population</th>\n",
       "      <th>Animals / Pets</th>\n",
       "      <th>City Facilities</th>\n",
       "      <th>Lights / Signals</th>\n",
       "      <th>Mowing / Weeds</th>\n",
       "      <th>Trash / Recycling</th>\n",
       "    </tr>\n",
       "  </thead>\n",
       "  <tbody>\n",
       "    <tr>\n",
       "      <th>0</th>\n",
       "      <td>177</td>\n",
       "      <td>Country Valley-Hawthorn Square</td>\n",
       "      <td>456</td>\n",
       "      <td>848</td>\n",
       "      <td>358</td>\n",
       "      <td>56044</td>\n",
       "      <td>156425</td>\n",
       "      <td>434</td>\n",
       "      <td>1513</td>\n",
       "      <td>298</td>\n",
       "      <td>...</td>\n",
       "      <td>938</td>\n",
       "      <td>15</td>\n",
       "      <td>15.0</td>\n",
       "      <td>25</td>\n",
       "      <td>1414</td>\n",
       "      <td>1.000000</td>\n",
       "      <td>NaN</td>\n",
       "      <td>7.000000</td>\n",
       "      <td>NaN</td>\n",
       "      <td>12.040000</td>\n",
       "    </tr>\n",
       "    <tr>\n",
       "      <th>1</th>\n",
       "      <td>29</td>\n",
       "      <td>East Community Team North</td>\n",
       "      <td>431</td>\n",
       "      <td>980</td>\n",
       "      <td>332</td>\n",
       "      <td>27803</td>\n",
       "      <td>62380</td>\n",
       "      <td>34</td>\n",
       "      <td>143</td>\n",
       "      <td>358</td>\n",
       "      <td>...</td>\n",
       "      <td>328</td>\n",
       "      <td>47</td>\n",
       "      <td>35.0</td>\n",
       "      <td>33</td>\n",
       "      <td>3352</td>\n",
       "      <td>13.419753</td>\n",
       "      <td>NaN</td>\n",
       "      <td>3.083333</td>\n",
       "      <td>125.000000</td>\n",
       "      <td>33.345070</td>\n",
       "    </tr>\n",
       "    <tr>\n",
       "      <th>2</th>\n",
       "      <td>221</td>\n",
       "      <td>The Coves</td>\n",
       "      <td>392</td>\n",
       "      <td>91</td>\n",
       "      <td>687</td>\n",
       "      <td>71767</td>\n",
       "      <td>266200</td>\n",
       "      <td>595</td>\n",
       "      <td>1339</td>\n",
       "      <td>111</td>\n",
       "      <td>...</td>\n",
       "      <td>701</td>\n",
       "      <td>31</td>\n",
       "      <td>26.0</td>\n",
       "      <td>28</td>\n",
       "      <td>3997</td>\n",
       "      <td>12.571429</td>\n",
       "      <td>NaN</td>\n",
       "      <td>2.454545</td>\n",
       "      <td>2.000000</td>\n",
       "      <td>5.770115</td>\n",
       "    </tr>\n",
       "    <tr>\n",
       "      <th>3</th>\n",
       "      <td>119</td>\n",
       "      <td>Blue Hills</td>\n",
       "      <td>390</td>\n",
       "      <td>1105</td>\n",
       "      <td>262</td>\n",
       "      <td>37498</td>\n",
       "      <td>58311</td>\n",
       "      <td>91</td>\n",
       "      <td>90</td>\n",
       "      <td>717</td>\n",
       "      <td>...</td>\n",
       "      <td>365</td>\n",
       "      <td>50</td>\n",
       "      <td>43.0</td>\n",
       "      <td>36</td>\n",
       "      <td>5359</td>\n",
       "      <td>17.921348</td>\n",
       "      <td>NaN</td>\n",
       "      <td>2.428571</td>\n",
       "      <td>98.133333</td>\n",
       "      <td>38.679842</td>\n",
       "    </tr>\n",
       "    <tr>\n",
       "      <th>4</th>\n",
       "      <td>50</td>\n",
       "      <td>Vineyard Estates</td>\n",
       "      <td>385</td>\n",
       "      <td>304</td>\n",
       "      <td>401</td>\n",
       "      <td>39375</td>\n",
       "      <td>28200</td>\n",
       "      <td>86</td>\n",
       "      <td>39</td>\n",
       "      <td>652</td>\n",
       "      <td>...</td>\n",
       "      <td>349</td>\n",
       "      <td>6</td>\n",
       "      <td>31.0</td>\n",
       "      <td>30</td>\n",
       "      <td>739</td>\n",
       "      <td>1.240000</td>\n",
       "      <td>NaN</td>\n",
       "      <td>2.000000</td>\n",
       "      <td>NaN</td>\n",
       "      <td>16.750000</td>\n",
       "    </tr>\n",
       "    <tr>\n",
       "      <th>...</th>\n",
       "      <td>...</td>\n",
       "      <td>...</td>\n",
       "      <td>...</td>\n",
       "      <td>...</td>\n",
       "      <td>...</td>\n",
       "      <td>...</td>\n",
       "      <td>...</td>\n",
       "      <td>...</td>\n",
       "      <td>...</td>\n",
       "      <td>...</td>\n",
       "      <td>...</td>\n",
       "      <td>...</td>\n",
       "      <td>...</td>\n",
       "      <td>...</td>\n",
       "      <td>...</td>\n",
       "      <td>...</td>\n",
       "      <td>...</td>\n",
       "      <td>...</td>\n",
       "      <td>...</td>\n",
       "      <td>...</td>\n",
       "      <td>...</td>\n",
       "    </tr>\n",
       "    <tr>\n",
       "      <th>194</th>\n",
       "      <td>239</td>\n",
       "      <td>Ridgefield</td>\n",
       "      <td>89</td>\n",
       "      <td>31</td>\n",
       "      <td>60</td>\n",
       "      <td>82241</td>\n",
       "      <td>183371</td>\n",
       "      <td>421</td>\n",
       "      <td>1143</td>\n",
       "      <td>85</td>\n",
       "      <td>...</td>\n",
       "      <td>506</td>\n",
       "      <td>12</td>\n",
       "      <td>18.0</td>\n",
       "      <td>29</td>\n",
       "      <td>4975</td>\n",
       "      <td>1.833333</td>\n",
       "      <td>NaN</td>\n",
       "      <td>2.739130</td>\n",
       "      <td>65.000000</td>\n",
       "      <td>18.304348</td>\n",
       "    </tr>\n",
       "    <tr>\n",
       "      <th>195</th>\n",
       "      <td>39</td>\n",
       "      <td>Riss Lake</td>\n",
       "      <td>70</td>\n",
       "      <td>65</td>\n",
       "      <td>240</td>\n",
       "      <td>49849</td>\n",
       "      <td>99100</td>\n",
       "      <td>147</td>\n",
       "      <td>582</td>\n",
       "      <td>525</td>\n",
       "      <td>...</td>\n",
       "      <td>570</td>\n",
       "      <td>19</td>\n",
       "      <td>36.0</td>\n",
       "      <td>19</td>\n",
       "      <td>2631</td>\n",
       "      <td>9.347826</td>\n",
       "      <td>NaN</td>\n",
       "      <td>5.500000</td>\n",
       "      <td>56.000000</td>\n",
       "      <td>52.408163</td>\n",
       "    </tr>\n",
       "    <tr>\n",
       "      <th>196</th>\n",
       "      <td>190</td>\n",
       "      <td>River View</td>\n",
       "      <td>54</td>\n",
       "      <td>76</td>\n",
       "      <td>127</td>\n",
       "      <td>56404</td>\n",
       "      <td>139900</td>\n",
       "      <td>209</td>\n",
       "      <td>615</td>\n",
       "      <td>62</td>\n",
       "      <td>...</td>\n",
       "      <td>419</td>\n",
       "      <td>33</td>\n",
       "      <td>27.0</td>\n",
       "      <td>23</td>\n",
       "      <td>1550</td>\n",
       "      <td>2.272727</td>\n",
       "      <td>NaN</td>\n",
       "      <td>14.000000</td>\n",
       "      <td>41.500000</td>\n",
       "      <td>20.893617</td>\n",
       "    </tr>\n",
       "    <tr>\n",
       "      <th>197</th>\n",
       "      <td>8</td>\n",
       "      <td>Westside North</td>\n",
       "      <td>122</td>\n",
       "      <td>277</td>\n",
       "      <td>83</td>\n",
       "      <td>50958</td>\n",
       "      <td>210200</td>\n",
       "      <td>379</td>\n",
       "      <td>525</td>\n",
       "      <td>148</td>\n",
       "      <td>...</td>\n",
       "      <td>542</td>\n",
       "      <td>68</td>\n",
       "      <td>54.0</td>\n",
       "      <td>49</td>\n",
       "      <td>1930</td>\n",
       "      <td>5.000000</td>\n",
       "      <td>NaN</td>\n",
       "      <td>11.590909</td>\n",
       "      <td>NaN</td>\n",
       "      <td>14.084507</td>\n",
       "    </tr>\n",
       "    <tr>\n",
       "      <th>198</th>\n",
       "      <td>209</td>\n",
       "      <td>Winnetonka</td>\n",
       "      <td>122</td>\n",
       "      <td>277</td>\n",
       "      <td>83</td>\n",
       "      <td>73875</td>\n",
       "      <td>115100</td>\n",
       "      <td>148</td>\n",
       "      <td>929</td>\n",
       "      <td>133</td>\n",
       "      <td>...</td>\n",
       "      <td>471</td>\n",
       "      <td>13</td>\n",
       "      <td>21.0</td>\n",
       "      <td>18</td>\n",
       "      <td>1232</td>\n",
       "      <td>1.333333</td>\n",
       "      <td>NaN</td>\n",
       "      <td>3.166667</td>\n",
       "      <td>17.263158</td>\n",
       "      <td>3.684211</td>\n",
       "    </tr>\n",
       "  </tbody>\n",
       "</table>\n",
       "<p>199 rows × 24 columns</p>\n",
       "</div>"
      ],
      "text/plain": [
       "     NBH_ID                        NBH_NAME  total crime  violent crime  \\\n",
       "0       177  Country Valley-Hawthorn Square          456            848   \n",
       "1        29       East Community Team North          431            980   \n",
       "2       221                       The Coves          392             91   \n",
       "3       119                      Blue Hills          390           1105   \n",
       "4        50                Vineyard Estates          385            304   \n",
       "..      ...                             ...          ...            ...   \n",
       "194     239                      Ridgefield           89             31   \n",
       "195      39                       Riss Lake           70             65   \n",
       "196     190                      River View           54             76   \n",
       "197       8                  Westside North          122            277   \n",
       "198     209                      Winnetonka          122            277   \n",
       "\n",
       "     property crime  Median income  Median home value  \\\n",
       "0               358          56044             156425   \n",
       "1               332          27803              62380   \n",
       "2               687          71767             266200   \n",
       "3               262          37498              58311   \n",
       "4               401          39375              28200   \n",
       "..              ...            ...                ...   \n",
       "194              60          82241             183371   \n",
       "195             240          49849              99100   \n",
       "196             127          56404             139900   \n",
       "197              83          50958             210200   \n",
       "198              83          73875             115100   \n",
       "\n",
       "     Population with BS or More  White alone  Black or African American alone  \\\n",
       "0                           434         1513                              298   \n",
       "1                            34          143                              358   \n",
       "2                           595         1339                              111   \n",
       "3                            91           90                              717   \n",
       "4                            86           39                              652   \n",
       "..                          ...          ...                              ...   \n",
       "194                         421         1143                               85   \n",
       "195                         147          582                              525   \n",
       "196                         209          615                               62   \n",
       "197                         379          525                              148   \n",
       "198                         148          929                              133   \n",
       "\n",
       "     ...  Number of Households  Walk Score  Transit Score  Bike Score  \\\n",
       "0    ...                   938          15           15.0          25   \n",
       "1    ...                   328          47           35.0          33   \n",
       "2    ...                   701          31           26.0          28   \n",
       "3    ...                   365          50           43.0          36   \n",
       "4    ...                   349           6           31.0          30   \n",
       "..   ...                   ...         ...            ...         ...   \n",
       "194  ...                   506          12           18.0          29   \n",
       "195  ...                   570          19           36.0          19   \n",
       "196  ...                   419          33           27.0          23   \n",
       "197  ...                   542          68           54.0          49   \n",
       "198  ...                   471          13           21.0          18   \n",
       "\n",
       "     Population  Animals / Pets  City Facilities  Lights / Signals  \\\n",
       "0          1414        1.000000              NaN          7.000000   \n",
       "1          3352       13.419753              NaN          3.083333   \n",
       "2          3997       12.571429              NaN          2.454545   \n",
       "3          5359       17.921348              NaN          2.428571   \n",
       "4           739        1.240000              NaN          2.000000   \n",
       "..          ...             ...              ...               ...   \n",
       "194        4975        1.833333              NaN          2.739130   \n",
       "195        2631        9.347826              NaN          5.500000   \n",
       "196        1550        2.272727              NaN         14.000000   \n",
       "197        1930        5.000000              NaN         11.590909   \n",
       "198        1232        1.333333              NaN          3.166667   \n",
       "\n",
       "     Mowing / Weeds  Trash / Recycling  \n",
       "0               NaN          12.040000  \n",
       "1        125.000000          33.345070  \n",
       "2          2.000000           5.770115  \n",
       "3         98.133333          38.679842  \n",
       "4               NaN          16.750000  \n",
       "..              ...                ...  \n",
       "194       65.000000          18.304348  \n",
       "195       56.000000          52.408163  \n",
       "196       41.500000          20.893617  \n",
       "197             NaN          14.084507  \n",
       "198       17.263158           3.684211  \n",
       "\n",
       "[199 rows x 24 columns]"
      ]
     },
     "execution_count": 56,
     "metadata": {},
     "output_type": "execute_result"
    }
   ],
   "source": [
    "# read in data\n",
    "raw = pd.read_csv(\"PCA-KC Data-Assignment.csv\").drop(\"Unnamed: 0\", axis=1)\n",
    "raw"
   ]
  },
  {
   "cell_type": "code",
   "execution_count": 48,
   "id": "objective-daniel",
   "metadata": {},
   "outputs": [
    {
     "data": {
      "text/plain": [
       "Index(['NBH_ID', 'NBH_NAME', 'total crime', 'violent crime', 'property crime',\n",
       "       'Median income', 'Median home value', 'Population with BS or More',\n",
       "       'White alone', 'Black or African American alone', 'Asian alone',\n",
       "       'Hispanic or Latino', 'Total Vacant', 'Total Renter Occupied',\n",
       "       'Number of Households', 'Walk Score', 'Transit Score', 'Bike Score',\n",
       "       'Population', 'Animals / Pets', 'City Facilities', 'Lights / Signals',\n",
       "       'Mowing / Weeds', 'Trash / Recycling'],\n",
       "      dtype='object')"
      ]
     },
     "execution_count": 48,
     "metadata": {},
     "output_type": "execute_result"
    }
   ],
   "source": [
    "raw.columns"
   ]
  },
  {
   "cell_type": "code",
   "execution_count": 63,
   "id": "residential-measurement",
   "metadata": {},
   "outputs": [
    {
     "data": {
      "text/plain": [
       "(199, 24)"
      ]
     },
     "execution_count": 63,
     "metadata": {},
     "output_type": "execute_result"
    }
   ],
   "source": [
    "raw.shape"
   ]
  },
  {
   "cell_type": "code",
   "execution_count": 57,
   "id": "international-gibraltar",
   "metadata": {},
   "outputs": [
    {
     "name": "stdout",
     "output_type": "stream",
     "text": [
      "<class 'pandas.core.frame.DataFrame'>\n",
      "RangeIndex: 199 entries, 0 to 198\n",
      "Data columns (total 24 columns):\n",
      " #   Column                           Non-Null Count  Dtype  \n",
      "---  ------                           --------------  -----  \n",
      " 0   NBH_ID                           199 non-null    int64  \n",
      " 1   NBH_NAME                         199 non-null    object \n",
      " 2   total crime                      199 non-null    int64  \n",
      " 3   violent crime                    199 non-null    int64  \n",
      " 4   property crime                   199 non-null    int64  \n",
      " 5   Median income                    199 non-null    int64  \n",
      " 6   Median home value                199 non-null    int64  \n",
      " 7   Population with BS or More       199 non-null    int64  \n",
      " 8   White alone                      199 non-null    int64  \n",
      " 9   Black or African American alone  199 non-null    int64  \n",
      " 10  Asian alone                      199 non-null    int64  \n",
      " 11  Hispanic or Latino               199 non-null    int64  \n",
      " 12  Total Vacant                     199 non-null    int64  \n",
      " 13  Total Renter Occupied            199 non-null    int64  \n",
      " 14  Number of Households             199 non-null    int64  \n",
      " 15  Walk Score                       199 non-null    int64  \n",
      " 16  Transit Score                    198 non-null    float64\n",
      " 17  Bike Score                       199 non-null    int64  \n",
      " 18  Population                       199 non-null    int64  \n",
      " 19  Animals / Pets                   195 non-null    float64\n",
      " 20  City Facilities                  8 non-null      float64\n",
      " 21  Lights / Signals                 193 non-null    float64\n",
      " 22  Mowing / Weeds                   159 non-null    float64\n",
      " 23  Trash / Recycling                196 non-null    float64\n",
      "dtypes: float64(6), int64(17), object(1)\n",
      "memory usage: 37.4+ KB\n"
     ]
    }
   ],
   "source": [
    "raw.info()"
   ]
  },
  {
   "cell_type": "markdown",
   "id": "phantom-hierarchy",
   "metadata": {},
   "source": [
    "City Facilities is ~96% sparse and will have to be dropped."
   ]
  },
  {
   "cell_type": "code",
   "execution_count": 53,
   "id": "voluntary-powell",
   "metadata": {},
   "outputs": [
    {
     "data": {
      "application/vnd.plotly.v1+json": {
       "config": {
        "plotlyServerURL": "https://plot.ly"
       },
       "data": [
        {
         "coloraxis": "coloraxis",
         "hovertemplate": "x: %{x}<br>y: %{y}<br>color: %{z}<extra></extra>",
         "name": "0",
         "type": "heatmap",
         "x": [
          "NBH_ID",
          "total crime",
          "violent crime",
          "property crime",
          "Median income",
          "Median home value",
          "Population with BS or More",
          "White alone",
          "Black or African American alone",
          "Asian alone",
          "Hispanic or Latino",
          "Total Vacant",
          "Total Renter Occupied",
          "Number of Households",
          "Walk Score",
          "Transit Score",
          "Bike Score",
          "Population",
          "Animals / Pets",
          "City Facilities",
          "Lights / Signals",
          "Mowing / Weeds",
          "Trash / Recycling"
         ],
         "xaxis": "x",
         "y": [
          "NBH_ID",
          "total crime",
          "violent crime",
          "property crime",
          "Median income",
          "Median home value",
          "Population with BS or More",
          "White alone",
          "Black or African American alone",
          "Asian alone",
          "Hispanic or Latino",
          "Total Vacant",
          "Total Renter Occupied",
          "Number of Households",
          "Walk Score",
          "Transit Score",
          "Bike Score",
          "Population",
          "Animals / Pets",
          "City Facilities",
          "Lights / Signals",
          "Mowing / Weeds",
          "Trash / Recycling"
         ],
         "yaxis": "y",
         "z": [
          [
           1,
           -0.17811257239461434,
           -0.18178649708585884,
           -0.16875448490809192,
           0.3008604727788834,
           0.09897054121967702,
           0.22738769640623946,
           0.5399340668805584,
           -0.1800306078985107,
           0.18585676657598854,
           -0.11509722649794282,
           -0.425070130918102,
           -0.13284370957516334,
           0.3099778132004905,
           -0.5777998056528064,
           -0.7464284935200152,
           -0.4669780943350822,
           0.13676835607526566,
           -0.1399807046895632,
           0.2461810715437224,
           -0.05931873229544776,
           -0.2858377247149799,
           -0.3439202132434302
          ],
          [
           -0.17811257239461434,
           1,
           0.7424849389757104,
           0.8108977317246648,
           -0.466835836633266,
           -0.4061628220789618,
           -0.42227153720265925,
           -0.36209799560385536,
           0.3029761498595507,
           -0.2140467403136268,
           0.1011796260584292,
           0.23611900120076396,
           0.08746604419059388,
           -0.16899013029807797,
           0.055731912085070244,
           0.11070932474314993,
           0.06795007730400089,
           0.12579863618193887,
           0.10101334020811152,
           -0.1317130018133812,
           -0.1055555315187901,
           0.1864411528459327,
           0.17885850202777115
          ],
          [
           -0.18178649708585884,
           0.7424849389757104,
           1,
           0.4511506272576142,
           -0.45483749469253076,
           -0.38083809532717633,
           -0.3918852043590833,
           -0.3611804216406495,
           0.34442436323168985,
           -0.16242319573326927,
           0.0752901624215252,
           0.3418761040809788,
           0.13063096321580417,
           -0.1307763207651935,
           0.08167612732072344,
           0.12795478290147,
           0.10144499527423513,
           0.052989955004863726,
           0.1386589155196187,
           -0.2462983274763662,
           -0.05059958818033209,
           0.21745232995902256,
           0.2179643347039024
          ],
          [
           -0.16875448490809192,
           0.8108977317246648,
           0.4511506272576142,
           1,
           -0.3517400585175279,
           -0.3125657028434116,
           -0.3531852129426673,
           -0.29135407415970016,
           0.19761807615101817,
           -0.2862589790459152,
           0.07397587533868825,
           0.1328002426003751,
           -0.009138534338653822,
           -0.18674211524664117,
           -0.024478980855894637,
           0.02574148274740511,
           -0.04738430261790683,
           0.05498106885377759,
           0.0935856389181429,
           0.16924968294115042,
           -0.10651632847131445,
           0.14689298370450776,
           0.2051313549645955
          ],
          [
           0.3008604727788834,
           -0.466835836633266,
           -0.45483749469253076,
           -0.3517400585175279,
           1,
           0.8254514228133396,
           0.6916723288279332,
           0.6042701098600114,
           -0.5419961246711218,
           0.09669432599465563,
           -0.16212619820408236,
           -0.518379180681714,
           -0.32699390101134695,
           0.1919007647128261,
           -0.048294907834154785,
           -0.22846464608906825,
           -0.020497769756964726,
           -0.02292953872089454,
           -0.16370417209390356,
           0.1863217573033616,
           0.03929912464775288,
           -0.24814201822056792,
           -0.44404549397577786
          ],
          [
           0.09897054121967702,
           -0.4061628220789618,
           -0.38083809532717633,
           -0.3125657028434116,
           0.8254514228133396,
           1,
           0.6448004658777933,
           0.47201458491946835,
           -0.5009324808512953,
           0.14078095350884887,
           -0.18274746556273078,
           -0.36669882072609084,
           -0.1138365413023951,
           0.17052739859563656,
           0.1995550486552431,
           0.01649472721742065,
           0.20459720157860484,
           -0.12935847821635177,
           -0.15216423603091161,
           0.22114824296129756,
           0.12112610084319382,
           -0.24165819015071302,
           -0.42499956372732706
          ],
          [
           0.22738769640623946,
           -0.42227153720265925,
           -0.3918852043590833,
           -0.3531852129426673,
           0.6916723288279332,
           0.6448004658777933,
           1,
           0.8358335494789846,
           -0.4482286959886849,
           0.34745523448540466,
           -0.0750190704570694,
           -0.27346948653383857,
           0.228310990262762,
           0.6974842540679629,
           0.11541313724844016,
           -0.06234007613483056,
           0.16639671777222184,
           0.12722324164058504,
           -0.09167137417126198,
           0.1572598341072902,
           0.14898894423490217,
           -0.24073083708730658,
           -0.3906387544593561
          ],
          [
           0.5399340668805584,
           -0.36209799560385536,
           -0.3611804216406495,
           -0.29135407415970016,
           0.6042701098600114,
           0.47201458491946835,
           0.8358335494789846,
           1,
           -0.4877539901904888,
           0.41409167140477954,
           0.07957711516001935,
           -0.39121111009865983,
           0.14367819461847778,
           0.7620391715921558,
           -0.18761603847414882,
           -0.4068105453364428,
           -0.11851114419536002,
           0.1862328281398136,
           -0.1222068831931944,
           0.20846890375751292,
           0.07392834572681845,
           -0.3088738707420321,
           -0.37648215711197136
          ],
          [
           -0.1800306078985107,
           0.3029761498595507,
           0.34442436323168985,
           0.19761807615101817,
           -0.5419961246711218,
           -0.5009324808512953,
           -0.4482286959886849,
           -0.4877539901904888,
           1,
           -0.1474587461536217,
           -0.14209417682479036,
           0.5286788904699022,
           0.3144056767461597,
           0.023516942738839954,
           -0.12852982082400083,
           0.1407727036540746,
           -0.0556865818395139,
           -0.06379335624250072,
           0.06678027907614398,
           0.11999771158722997,
           -0.10111065001141743,
           0.15661116580779838,
           0.2576066433439864
          ],
          [
           0.18585676657598854,
           -0.2140467403136268,
           -0.16242319573326927,
           -0.2862589790459152,
           0.09669432599465563,
           0.14078095350884887,
           0.34745523448540466,
           0.41409167140477954,
           -0.1474587461536217,
           1,
           0.22181216840249562,
           -0.07622118349018382,
           0.3230890371868194,
           0.48097341129798477,
           0.07117536332743193,
           -0.0747182442761579,
           0.06814130463882188,
           0.11144811768840264,
           -0.006807913211035322,
           0.05468577439275122,
           -0.01609122409842143,
           -0.15373344315360488,
           -0.12939153319759283
          ],
          [
           -0.11509722649794282,
           0.1011796260584292,
           0.0752901624215252,
           0.07397587533868825,
           -0.16212619820408236,
           -0.18274746556273078,
           -0.0750190704570694,
           0.07957711516001935,
           -0.14209417682479036,
           0.22181216840249562,
           1,
           -0.016737931820960693,
           0.09020256423314989,
           0.15349562349976928,
           0.014599162135235173,
           -0.05749143307530231,
           -0.08053170783253755,
           0.1520458585297662,
           0.040355278351762405,
           -0.31601330258637483,
           -0.14262078705818051,
           0.017781463823365404,
           0.12179469388922115
          ],
          [
           -0.425070130918102,
           0.23611900120076396,
           0.3418761040809788,
           0.1328002426003751,
           -0.518379180681714,
           -0.36669882072609084,
           -0.27346948653383857,
           -0.39121111009865983,
           0.5286788904699022,
           -0.07622118349018382,
           -0.016737931820960693,
           1,
           0.42161797574425364,
           0.0221289556341946,
           0.2494486320707893,
           0.44196930098776765,
           0.23617220229324978,
           -0.023462966259518884,
           0.11872268502949677,
           0.29822109092530585,
           0.026270927133243537,
           0.22888162476503562,
           0.2545270201734396
          ],
          [
           -0.13284370957516334,
           0.08746604419059388,
           0.13063096321580417,
           -0.009138534338653822,
           -0.32699390101134695,
           -0.1138365413023951,
           0.228310990262762,
           0.14367819461847778,
           0.3144056767461597,
           0.3230890371868194,
           0.09020256423314989,
           0.42161797574425364,
           1,
           0.6560727734548238,
           0.18492780573807244,
           0.25671938592024407,
           0.24330252805984198,
           0.023142759302533657,
           -0.01967606101506116,
           0.1532388403452997,
           0.09848669294476851,
           -0.08053383686249217,
           0.08737391261679964
          ],
          [
           0.3099778132004905,
           -0.16899013029807797,
           -0.1307763207651935,
           -0.18674211524664117,
           0.1919007647128261,
           0.17052739859563656,
           0.6974842540679629,
           0.7620391715921558,
           0.023516942738839954,
           0.48097341129798477,
           0.15349562349976928,
           0.0221289556341946,
           0.6560727734548238,
           1,
           -0.10724657664646617,
           -0.1767052494533234,
           -0.019651158530206467,
           0.17837542063224557,
           -0.05381057116457992,
           0.17918980778465077,
           0.04538478729621292,
           -0.2417801501227201,
           -0.19413729391628012
          ],
          [
           -0.5777998056528064,
           0.055731912085070244,
           0.08167612732072344,
           -0.024478980855894637,
           -0.048294907834154785,
           0.1995550486552431,
           0.11541313724844016,
           -0.18761603847414882,
           -0.12852982082400083,
           0.07117536332743193,
           0.014599162135235173,
           0.2494486320707893,
           0.18492780573807244,
           -0.10724657664646617,
           1,
           0.8030483265241392,
           0.851811422657632,
           0.010762325466791614,
           0.1419792158494703,
           0.23797163351907993,
           0.19289019942413424,
           0.31032977480561874,
           0.14504053479071374
          ],
          [
           -0.7464284935200152,
           0.11070932474314993,
           0.12795478290147,
           0.02574148274740511,
           -0.22846464608906825,
           0.01649472721742065,
           -0.06234007613483056,
           -0.4068105453364428,
           0.1407727036540746,
           -0.0747182442761579,
           -0.05749143307530231,
           0.44196930098776765,
           0.25671938592024407,
           -0.1767052494533234,
           0.8030483265241392,
           1,
           0.7260746574814126,
           -0.09314321026477347,
           0.18357346021461562,
           0.31714076769250577,
           0.10925764808902536,
           0.264352487372321,
           0.2421222535721444
          ],
          [
           -0.4669780943350822,
           0.06795007730400089,
           0.10144499527423513,
           -0.04738430261790683,
           -0.020497769756964726,
           0.20459720157860484,
           0.16639671777222184,
           -0.11851114419536002,
           -0.0556865818395139,
           0.06814130463882188,
           -0.08053170783253755,
           0.23617220229324978,
           0.24330252805984198,
           -0.019651158530206467,
           0.851811422657632,
           0.7260746574814126,
           1,
           0.025513555332048948,
           0.12643128565157377,
           0.4865343447098718,
           0.1972843120897072,
           0.21623558947999788,
           0.10589015417932571
          ],
          [
           0.13676835607526566,
           0.12579863618193887,
           0.052989955004863726,
           0.05498106885377759,
           -0.02292953872089454,
           -0.12935847821635177,
           0.12722324164058504,
           0.1862328281398136,
           -0.06379335624250072,
           0.11144811768840264,
           0.1520458585297662,
           -0.023462966259518884,
           0.023142759302533657,
           0.17837542063224557,
           0.010762325466791614,
           -0.09314321026477347,
           0.025513555332048948,
           1,
           -0.009121438977369412,
           -0.4432403717909626,
           -0.08988516284921584,
           0.19153853187992262,
           0.09363270762261303
          ],
          [
           -0.1399807046895632,
           0.10101334020811152,
           0.1386589155196187,
           0.0935856389181429,
           -0.16370417209390356,
           -0.15216423603091161,
           -0.09167137417126198,
           -0.1222068831931944,
           0.06678027907614398,
           -0.006807913211035322,
           0.040355278351762405,
           0.11872268502949677,
           -0.01967606101506116,
           -0.05381057116457992,
           0.1419792158494703,
           0.18357346021461562,
           0.12643128565157377,
           -0.009121438977369412,
           1,
           -0.4685011356339817,
           -0.06690561602130222,
           0.09898695965609022,
           0.11949321896476836
          ],
          [
           0.2461810715437224,
           -0.1317130018133812,
           -0.2462983274763662,
           0.16924968294115042,
           0.1863217573033616,
           0.22114824296129756,
           0.1572598341072902,
           0.20846890375751292,
           0.11999771158722997,
           0.05468577439275122,
           -0.31601330258637483,
           0.29822109092530585,
           0.1532388403452997,
           0.17918980778465077,
           0.23797163351907993,
           0.31714076769250577,
           0.4865343447098718,
           -0.4432403717909626,
           -0.4685011356339817,
           1,
           0.2620143563046214,
           0.21493249883890933,
           -0.24283896623702358
          ],
          [
           -0.05931873229544776,
           -0.1055555315187901,
           -0.05059958818033209,
           -0.10651632847131445,
           0.03929912464775288,
           0.12112610084319382,
           0.14898894423490217,
           0.07392834572681845,
           -0.10111065001141743,
           -0.01609122409842143,
           -0.14262078705818051,
           0.026270927133243537,
           0.09848669294476851,
           0.04538478729621292,
           0.19289019942413424,
           0.10925764808902536,
           0.1972843120897072,
           -0.08988516284921584,
           -0.06690561602130222,
           0.2620143563046214,
           1,
           -0.06081738330915856,
           -0.058430998744573685
          ],
          [
           -0.2858377247149799,
           0.1864411528459327,
           0.21745232995902256,
           0.14689298370450776,
           -0.24814201822056792,
           -0.24165819015071302,
           -0.24073083708730658,
           -0.3088738707420321,
           0.15661116580779838,
           -0.15373344315360488,
           0.017781463823365404,
           0.22888162476503562,
           -0.08053383686249217,
           -0.2417801501227201,
           0.31032977480561874,
           0.264352487372321,
           0.21623558947999788,
           0.19153853187992262,
           0.09898695965609022,
           0.21493249883890933,
           -0.06081738330915856,
           1,
           0.20030709948219544
          ],
          [
           -0.3439202132434302,
           0.17885850202777115,
           0.2179643347039024,
           0.2051313549645955,
           -0.44404549397577786,
           -0.42499956372732706,
           -0.3906387544593561,
           -0.37648215711197136,
           0.2576066433439864,
           -0.12939153319759283,
           0.12179469388922115,
           0.2545270201734396,
           0.08737391261679964,
           -0.19413729391628012,
           0.14504053479071374,
           0.2421222535721444,
           0.10589015417932571,
           0.09363270762261303,
           0.11949321896476836,
           -0.24283896623702358,
           -0.058430998744573685,
           0.20030709948219544,
           1
          ]
         ]
        }
       ],
       "layout": {
        "coloraxis": {
         "colorscale": [
          [
           0,
           "#0d0887"
          ],
          [
           0.1111111111111111,
           "#46039f"
          ],
          [
           0.2222222222222222,
           "#7201a8"
          ],
          [
           0.3333333333333333,
           "#9c179e"
          ],
